a <- 1
x <- 2
b <- 3
c <- 4
d <- 5
yoba <- "adef"
alpha <- "omega"
x -> y
ghgh <- 1 + 2 + 3
sum <- 1 + 2 + 3 + 4 + 5 + 6 + 7 + 8 + 9 
