a <- 1
b <- 2
c <- 3
d <- 4
yoba <- "adef"
alpha <- "omega"
x <- 10
x -> y
ghgh <- 1 + 2 + 3
sum <- 1 + 2 + 3 + 4 + 5 + 6 + 7 + 8 + 9
1 + 10 + 5 -> test
z <- a + b + c + d
